#Photon energy	Wavelength	ep1	ep2	n	k
#eV	m				
4.133e+00	3.000e-07	-9.627e-01	6.448e+00	1.667e+00	1.934e+00
3.999e+00	3.100e-07	-7.975e-01	6.661e+00	1.719e+00	1.937e+00
3.874e+00	3.200e-07	-6.126e-01	6.736e+00	1.754e+00	1.921e+00
3.757e+00	3.300e-07	-4.686e-01	6.698e+00	1.767e+00	1.895e+00
3.647e+00	3.400e-07	-4.070e-01	6.581e+00	1.759e+00	1.871e+00
3.542e+00	3.500e-07	-4.503e-01	6.435e+00	1.732e+00	1.858e+00
3.444e+00	3.600e-07	-5.915e-01	6.317e+00	1.696e+00	1.862e+00
3.351e+00	3.700e-07	-7.875e-01	6.273e+00	1.664e+00	1.885e+00
3.263e+00	3.800e-07	-9.714e-01	6.310e+00	1.645e+00	1.918e+00
3.179e+00	3.900e-07	-1.086e+00	6.388e+00	1.642e+00	1.945e+00
3.100e+00	4.000e-07	-1.118e+00	6.436e+00	1.645e+00	1.956e+00
3.024e+00	4.100e-07	-1.108e+00	6.400e+00	1.641e+00	1.950e+00
2.952e+00	4.200e-07	-1.121e+00	6.279e+00	1.621e+00	1.936e+00
2.883e+00	4.300e-07	-1.180e+00	6.121e+00	1.590e+00	1.925e+00
2.818e+00	4.400e-07	-1.247e+00	5.958e+00	1.556e+00	1.915e+00
2.755e+00	4.500e-07	-1.272e+00	5.753e+00	1.520e+00	1.893e+00
2.695e+00	4.600e-07	-1.272e+00	5.423e+00	1.466e+00	1.850e+00
2.638e+00	4.700e-07	-1.340e+00	4.925e+00	1.372e+00	1.795e+00
2.583e+00	4.800e-07	-1.580e+00	4.308e+00	1.227e+00	1.756e+00
2.530e+00	4.900e-07	-2.028e+00	3.671e+00	1.041e+00	1.764e+00
2.480e+00	5.000e-07	-2.654e+00	3.107e+00	8.463e-01	1.836e+00
2.431e+00	5.100e-07	-3.389e+00	2.660e+00	6.780e-01	1.962e+00
2.384e+00	5.200e-07	-4.170e+00	2.330e+00	5.507e-01	2.115e+00
2.339e+00	5.300e-07	-4.959e+00	2.092e+00	4.600e-01	2.274e+00
2.296e+00	5.400e-07	-5.736e+00	1.919e+00	3.953e-01	2.427e+00
2.254e+00	5.500e-07	-6.499e+00	1.789e+00	3.476e-01	2.573e+00
2.214e+00	5.600e-07	-7.250e+00	1.687e+00	3.111e-01	2.710e+00
2.175e+00	5.700e-07	-7.993e+00	1.604e+00	2.822e-01	2.841e+00
2.138e+00	5.800e-07	-8.732e+00	1.535e+00	2.587e-01	2.966e+00
2.101e+00	5.900e-07	-9.471e+00	1.476e+00	2.392e-01	3.087e+00
2.066e+00	6.000e-07	-1.021e+01	1.428e+00	2.228e-01	3.203e+00
2.033e+00	6.100e-07	-1.095e+01	1.386e+00	2.090e-01	3.316e+00
2.000e+00	6.200e-07	-1.170e+01	1.352e+00	1.973e-01	3.426e+00
1.968e+00	6.300e-07	-1.245e+01	1.324e+00	1.874e-01	3.534e+00
1.937e+00	6.400e-07	-1.321e+01	1.302e+00	1.789e-01	3.639e+00
1.907e+00	6.500e-07	-1.398e+01	1.285e+00	1.717e-01	3.742e+00
1.879e+00	6.600e-07	-1.475e+01	1.273e+00	1.656e-01	3.844e+00
1.851e+00	6.700e-07	-1.553e+01	1.265e+00	1.604e-01	3.943e+00
1.823e+00	6.800e-07	-1.631e+01	1.262e+00	1.561e-01	4.042e+00
1.797e+00	6.900e-07	-1.710e+01	1.262e+00	1.524e-01	4.138e+00
1.771e+00	7.000e-07	-1.790e+01	1.265e+00	1.494e-01	4.234e+00
1.746e+00	7.100e-07	-1.871e+01	1.272e+00	1.470e-01	4.328e+00
1.722e+00	7.200e-07	-1.953e+01	1.282e+00	1.450e-01	4.422e+00
1.698e+00	7.300e-07	-2.036e+01	1.295e+00	1.435e-01	4.514e+00
1.675e+00	7.400e-07	-2.119e+01	1.311e+00	1.424e-01	4.605e+00
1.653e+00	7.500e-07	-2.203e+01	1.330e+00	1.416e-01	4.696e+00
1.631e+00	7.600e-07	-2.288e+01	1.351e+00	1.411e-01	4.786e+00
1.610e+00	7.700e-07	-2.374e+01	1.374e+00	1.410e-01	4.875e+00
1.590e+00	7.800e-07	-2.461e+01	1.400e+00	1.410e-01	4.963e+00
1.569e+00	7.900e-07	-2.549e+01	1.428e+00	1.414e-01	5.050e+00
1.550e+00	8.000e-07	-2.637e+01	1.458e+00	1.419e-01	5.137e+00
1.531e+00	8.100e-07	-2.727e+01	1.490e+00	1.426e-01	5.224e+00
1.512e+00	8.200e-07	-2.817e+01	1.524e+00	1.435e-01	5.310e+00
1.494e+00	8.300e-07	-2.909e+01	1.560e+00	1.445e-01	5.395e+00
1.476e+00	8.400e-07	-3.001e+01	1.597e+00	1.457e-01	5.480e+00
1.459e+00	8.500e-07	-3.094e+01	1.637e+00	1.471e-01	5.565e+00
1.442e+00	8.600e-07	-3.188e+01	1.678e+00	1.486e-01	5.649e+00
1.425e+00	8.700e-07	-3.284e+01	1.721e+00	1.501e-01	5.732e+00
1.409e+00	8.800e-07	-3.380e+01	1.766e+00	1.518e-01	5.815e+00
1.393e+00	8.900e-07	-3.477e+01	1.812e+00	1.536e-01	5.898e+00
1.378e+00	9.000e-07	-3.575e+01	1.860e+00	1.555e-01	5.981e+00
1.362e+00	9.100e-07	-3.674e+01	1.910e+00	1.575e-01	6.063e+00
1.348e+00	9.200e-07	-3.774e+01	1.961e+00	1.596e-01	6.145e+00
1.333e+00	9.300e-07	-3.874e+01	2.014e+00	1.617e-01	6.227e+00
1.319e+00	9.400e-07	-3.976e+01	2.068e+00	1.639e-01	6.308e+00
1.305e+00	9.500e-07	-4.079e+01	2.124e+00	1.662e-01	6.389e+00
1.291e+00	9.600e-07	-4.183e+01	2.181e+00	1.686e-01	6.470e+00
1.278e+00	9.700e-07	-4.288e+01	2.240e+00	1.710e-01	6.550e+00
1.265e+00	9.800e-07	-4.393e+01	2.300e+00	1.734e-01	6.630e+00
1.252e+00	9.900e-07	-4.500e+01	2.362e+00	1.760e-01	6.711e+00
1.240e+00	1.000e-06	-4.608e+01	2.425e+00	1.786e-01	6.790e+00
1.228e+00	1.010e-06	-4.716e+01	2.490e+00	1.812e-01	6.870e+00
1.216e+00	1.020e-06	-4.826e+01	2.556e+00	1.839e-01	6.949e+00
1.204e+00	1.030e-06	-4.937e+01	2.624e+00	1.866e-01	7.029e+00
1.192e+00	1.040e-06	-5.048e+01	2.693e+00	1.894e-01	7.108e+00
1.181e+00	1.050e-06	-5.161e+01	2.763e+00	1.923e-01	7.186e+00
1.170e+00	1.060e-06	-5.274e+01	2.835e+00	1.951e-01	7.265e+00
1.159e+00	1.070e-06	-5.389e+01	2.909e+00	1.980e-01	7.344e+00
1.148e+00	1.080e-06	-5.505e+01	2.984e+00	2.010e-01	7.422e+00
1.137e+00	1.090e-06	-5.621e+01	3.060e+00	2.040e-01	7.500e+00
1.127e+00	1.100e-06	-5.739e+01	3.138e+00	2.070e-01	7.578e+00
1.117e+00	1.110e-06	-5.857e+01	3.217e+00	2.101e-01	7.656e+00
1.107e+00	1.120e-06	-5.977e+01	3.298e+00	2.132e-01	7.734e+00
1.097e+00	1.130e-06	-6.097e+01	3.380e+00	2.163e-01	7.811e+00
1.088e+00	1.140e-06	-6.219e+01	3.463e+00	2.195e-01	7.889e+00
1.078e+00	1.150e-06	-6.341e+01	3.549e+00	2.227e-01	7.966e+00
1.069e+00	1.160e-06	-6.465e+01	3.635e+00	2.260e-01	8.043e+00
1.060e+00	1.170e-06	-6.589e+01	3.723e+00	2.292e-01	8.121e+00
1.051e+00	1.180e-06	-6.715e+01	3.813e+00	2.325e-01	8.198e+00
1.042e+00	1.190e-06	-6.841e+01	3.904e+00	2.359e-01	8.274e+00
1.033e+00	1.200e-06	-6.968e+01	3.996e+00	2.392e-01	8.351e+00
1.025e+00	1.210e-06	-7.097e+01	4.090e+00	2.426e-01	8.428e+00
1.016e+00	1.220e-06	-7.226e+01	4.185e+00	2.461e-01	8.504e+00
1.008e+00	1.230e-06	-7.357e+01	4.282e+00	2.495e-01	8.581e+00
9.999e-01	1.240e-06	-7.488e+01	4.380e+00	2.530e-01	8.657e+00
9.919e-01	1.250e-06	-7.620e+01	4.480e+00	2.565e-01	8.733e+00
9.840e-01	1.260e-06	-7.754e+01	4.582e+00	2.600e-01	8.809e+00
9.763e-01	1.270e-06	-7.888e+01	4.684e+00	2.636e-01	8.885e+00
9.686e-01	1.280e-06	-8.023e+01	4.789e+00	2.672e-01	8.961e+00
9.611e-01	1.290e-06	-8.160e+01	4.895e+00	2.708e-01	9.037e+00
9.537e-01	1.300e-06	-8.297e+01	5.002e+00	2.744e-01	9.113e+00
9.464e-01	1.310e-06	-8.435e+01	5.111e+00	2.781e-01	9.189e+00
9.393e-01	1.320e-06	-8.571e+01	5.211e+00	2.813e-01	9.262e+00
9.322e-01	1.330e-06	-8.708e+01	5.313e+00	2.845e-01	9.336e+00
9.253e-01	1.340e-06	-8.846e+01	5.416e+00	2.878e-01	9.410e+00
9.184e-01	1.350e-06	-8.985e+01	5.520e+00	2.910e-01	9.483e+00
8.670e-01	1.430e-06	-1.015e+02	6.481e+00	3.214e-01	1.008e+01
8.610e-01	1.440e-06	-1.030e+02	6.598e+00	3.249e-01	1.015e+01
8.551e-01	1.450e-06	-1.045e+02	6.716e+00	3.284e-01	1.023e+01
8.492e-01	1.460e-06	-1.059e+02	6.836e+00	3.319e-01	1.030e+01
8.434e-01	1.470e-06	-1.074e+02	6.957e+00	3.355e-01	1.037e+01
8.377e-01	1.480e-06	-1.089e+02	7.080e+00	3.390e-01	1.044e+01
8.321e-01	1.490e-06	-1.104e+02	7.204e+00	3.426e-01	1.051e+01
8.266e-01	1.500e-06	-1.119e+02	7.330e+00	3.462e-01	1.059e+01
8.211e-01	1.510e-06	-1.135e+02	7.457e+00	3.498e-01	1.066e+01
8.157e-01	1.520e-06	-1.150e+02	7.585e+00	3.535e-01	1.073e+01
8.104e-01	1.530e-06	-1.165e+02	7.715e+00	3.571e-01	1.080e+01
8.051e-01	1.540e-06	-1.181e+02	7.847e+00	3.608e-01	1.087e+01
7.999e-01	1.550e-06	-1.196e+02	7.980e+00	3.646e-01	1.094e+01
7.948e-01	1.560e-06	-1.212e+02	8.114e+00	3.683e-01	1.102e+01
7.897e-01	1.570e-06	-1.228e+02	8.250e+00	3.721e-01	1.109e+01
7.847e-01	1.580e-06	-1.244e+02	8.388e+00	3.759e-01	1.116e+01
7.798e-01	1.590e-06	-1.260e+02	8.527e+00	3.797e-01	1.123e+01
7.749e-01	1.600e-06	-1.276e+02	8.668e+00	3.835e-01	1.130e+01
7.701e-01	1.610e-06	-1.292e+02	8.811e+00	3.874e-01	1.137e+01
7.653e-01	1.620e-06	-1.308e+02	8.955e+00	3.913e-01	1.144e+01
7.606e-01	1.630e-06	-1.324e+02	9.100e+00	3.952e-01	1.151e+01
7.560e-01	1.640e-06	-1.340e+02	9.248e+00	3.991e-01	1.158e+01
7.514e-01	1.650e-06	-1.357e+02	9.397e+00	4.031e-01	1.166e+01
7.469e-01	1.660e-06	-1.373e+02	9.548e+00	4.071e-01	1.173e+01
7.424e-01	1.670e-06	-1.390e+02	9.701e+00	4.112e-01	1.180e+01
7.380e-01	1.680e-06	-1.407e+02	9.855e+00	4.152e-01	1.187e+01
7.336e-01	1.690e-06	-1.423e+02	1.001e+01	4.193e-01	1.194e+01
7.293e-01	1.700e-06	-1.440e+02	1.017e+01	4.234e-01	1.201e+01
7.251e-01	1.710e-06	-1.457e+02	1.033e+01	4.276e-01	1.208e+01
7.208e-01	1.720e-06	-1.474e+02	1.049e+01	4.317e-01	1.215e+01
7.167e-01	1.730e-06	-1.491e+02	1.065e+01	4.359e-01	1.222e+01
7.126e-01	1.740e-06	-1.508e+02	1.082e+01	4.402e-01	1.229e+01
7.085e-01	1.750e-06	-1.526e+02	1.099e+01	4.444e-01	1.236e+01
7.045e-01	1.760e-06	-1.543e+02	1.116e+01	4.487e-01	1.243e+01
7.005e-01	1.770e-06	-1.560e+02	1.133e+01	4.531e-01	1.250e+01
6.965e-01	1.780e-06	-1.578e+02	1.150e+01	4.574e-01	1.257e+01
6.926e-01	1.790e-06	-1.596e+02	1.168e+01	4.618e-01	1.264e+01
6.888e-01	1.800e-06	-1.613e+02	1.185e+01	4.663e-01	1.271e+01
6.850e-01	1.810e-06	-1.631e+02	1.203e+01	4.708e-01	1.278e+01
6.812e-01	1.820e-06	-1.649e+02	1.221e+01	4.752e-01	1.285e+01
6.775e-01	1.830e-06	-1.667e+02	1.240e+01	4.798e-01	1.292e+01
6.738e-01	1.840e-06	-1.685e+02	1.258e+01	4.844e-01	1.299e+01
6.702e-01	1.850e-06	-1.703e+02	1.277e+01	4.890e-01	1.306e+01
6.666e-01	1.860e-06	-1.721e+02	1.296e+01	4.936e-01	1.313e+01
6.630e-01	1.870e-06	-1.739e+02	1.315e+01	4.983e-01	1.320e+01
6.595e-01	1.880e-06	-1.758e+02	1.335e+01	5.030e-01	1.327e+01
6.560e-01	1.890e-06	-1.776e+02	1.355e+01	5.078e-01	1.334e+01
6.525e-01	1.900e-06	-1.795e+02	1.375e+01	5.126e-01	1.341e+01
6.491e-01	1.910e-06	-1.814e+02	1.395e+01	5.175e-01	1.348e+01
6.457e-01	1.920e-06	-1.832e+02	1.415e+01	5.223e-01	1.355e+01
6.424e-01	1.930e-06	-1.851e+02	1.436e+01	5.273e-01	1.362e+01
6.391e-01	1.940e-06	-1.870e+02	1.457e+01	5.322e-01	1.369e+01
6.358e-01	1.950e-06	-1.889e+02	1.478e+01	5.373e-01	1.375e+01
6.326e-01	1.960e-06	-1.908e+02	1.500e+01	5.424e-01	1.382e+01
6.294e-01	1.970e-06	-1.927e+02	1.521e+01	5.474e-01	1.389e+01
6.262e-01	1.980e-06	-1.947e+02	1.543e+01	5.526e-01	1.396e+01
6.230e-01	1.990e-06	-1.966e+02	1.565e+01	5.578e-01	1.403e+01
6.199e-01	2.000e-06	-1.983e+02	1.585e+01	5.622e-01	1.409e+01
6.179e-01	2.007e-06	-1.999e+02	1.604e+01	5.667e-01	1.415e+01
6.141e-01	2.019e-06	-2.024e+02	1.633e+01	5.736e-01	1.424e+01
6.121e-01	2.025e-06	-2.037e+02	1.649e+01	5.771e-01	1.428e+01
6.083e-01	2.038e-06	-2.063e+02	1.680e+01	5.842e-01	1.438e+01
6.064e-01	2.045e-06	-2.077e+02	1.696e+01	5.878e-01	1.442e+01
6.026e-01	2.058e-06	-2.103e+02	1.728e+01	5.952e-01	1.452e+01
6.007e-01	2.064e-06	-2.117e+02	1.744e+01	5.989e-01	1.456e+01
5.969e-01	2.077e-06	-2.145e+02	1.778e+01	6.064e-01	1.466e+01
5.949e-01	2.084e-06	-2.159e+02	1.795e+01	6.102e-01	1.471e+01
5.911e-01	2.098e-06	-2.187e+02	1.829e+01	6.180e-01	1.480e+01
5.892e-01	2.104e-06	-2.202e+02	1.847e+01	6.219e-01	1.485e+01
5.854e-01	2.118e-06	-2.231e+02	1.883e+01	6.299e-01	1.495e+01
5.835e-01	2.125e-06	-2.246e+02	1.902e+01	6.339e-01	1.500e+01
5.796e-01	2.139e-06	-2.276e+02	1.939e+01	6.421e-01	1.510e+01
5.777e-01	2.146e-06	-2.291e+02	1.958e+01	6.463e-01	1.515e+01
5.758e-01	2.153e-06	-2.307e+02	1.978e+01	6.505e-01	1.520e+01
5.720e-01	2.168e-06	-2.338e+02	2.017e+01	6.591e-01	1.531e+01
5.701e-01	2.175e-06	-2.354e+02	2.038e+01	6.634e-01	1.536e+01
5.662e-01	2.190e-06	-2.387e+02	2.079e+01	6.722e-01	1.546e+01
5.643e-01	2.197e-06	-2.403e+02	2.100e+01	6.767e-01	1.552e+01
5.624e-01	2.205e-06	-2.420e+02	2.121e+01	6.812e-01	1.557e+01
5.586e-01	2.220e-06	-2.453e+02	2.165e+01	6.903e-01	1.568e+01
5.567e-01	2.227e-06	-2.470e+02	2.187e+01	6.950e-01	1.573e+01
5.548e-01	2.235e-06	-2.488e+02	2.209e+01	6.997e-01	1.579e+01
5.529e-01	2.243e-06	-2.505e+02	2.232e+01	7.044e-01	1.584e+01
5.490e-01	2.258e-06	-2.540e+02	2.279e+01	7.141e-01	1.595e+01
5.471e-01	2.266e-06	-2.558e+02	2.302e+01	7.190e-01	1.601e+01
5.452e-01	2.274e-06	-2.577e+02	2.326e+01	7.239e-01	1.607e+01
5.433e-01	2.282e-06	-2.595e+02	2.351e+01	7.289e-01	1.613e+01
5.395e-01	2.298e-06	-2.632e+02	2.401e+01	7.391e-01	1.624e+01
5.375e-01	2.307e-06	-2.651e+02	2.426e+01	7.442e-01	1.630e+01
5.356e-01	2.315e-06	-2.670e+02	2.452e+01	7.494e-01	1.636e+01
5.337e-01	2.323e-06	-2.690e+02	2.478e+01	7.547e-01	1.642e+01
5.299e-01	2.340e-06	-2.729e+02	2.532e+01	7.654e-01	1.654e+01
5.280e-01	2.348e-06	-2.749e+02	2.559e+01	7.708e-01	1.660e+01
5.261e-01	2.357e-06	-2.769e+02	2.587e+01	7.763e-01	1.666e+01
5.242e-01	2.365e-06	-2.790e+02	2.615e+01	7.819e-01	1.672e+01
5.223e-01	2.374e-06	-2.810e+02	2.643e+01	7.875e-01	1.678e+01
5.203e-01	2.383e-06	-2.831e+02	2.672e+01	7.932e-01	1.684e+01
5.184e-01	2.392e-06	-2.852e+02	2.701e+01	7.989e-01	1.691e+01
5.146e-01	2.409e-06	-2.895e+02	2.762e+01	8.106e-01	1.703e+01
5.127e-01	2.418e-06	-2.917e+02	2.792e+01	8.165e-01	1.710e+01
5.108e-01	2.427e-06	-2.939e+02	2.823e+01	8.225e-01	1.716e+01
5.089e-01	2.437e-06	-2.961e+02	2.855e+01	8.286e-01	1.723e+01
5.069e-01	2.446e-06	-2.984e+02	2.887e+01	8.347e-01	1.729e+01
5.050e-01	2.455e-06	-3.006e+02	2.920e+01	8.409e-01	1.736e+01
5.031e-01	2.464e-06	-3.029e+02	2.953e+01	8.472e-01	1.743e+01
5.012e-01	2.474e-06	-3.053e+02	2.986e+01	8.535e-01	1.749e+01
4.993e-01	2.483e-06	-3.076e+02	3.020e+01	8.599e-01	1.756e+01
4.974e-01	2.493e-06	-3.100e+02	3.055e+01	8.664e-01	1.763e+01
4.955e-01	2.502e-06	-3.124e+02	3.090e+01	8.730e-01	1.770e+01
4.935e-01	2.512e-06	-3.149e+02	3.125e+01	8.796e-01	1.777e+01
4.916e-01	2.522e-06	-3.173e+02	3.162e+01	8.863e-01	1.784e+01
4.897e-01	2.532e-06	-3.198e+02	3.198e+01	8.931e-01	1.791e+01
4.878e-01	2.542e-06	-3.223e+02	3.236e+01	8.999e-01	1.798e+01
4.859e-01	2.552e-06	-3.249e+02	3.273e+01	9.069e-01	1.805e+01
4.840e-01	2.562e-06	-3.275e+02	3.312e+01	9.139e-01	1.812e+01
4.821e-01	2.572e-06	-3.301e+02	3.351e+01	9.210e-01	1.819e+01
4.802e-01	2.582e-06	-3.327e+02	3.391e+01	9.282e-01	1.826e+01
4.782e-01	2.593e-06	-3.354e+02	3.431e+01	9.355e-01	1.834e+01
4.763e-01	2.603e-06	-3.381e+02	3.472e+01	9.428e-01	1.841e+01
4.744e-01	2.613e-06	-3.408e+02	3.514e+01	9.503e-01	1.849e+01
4.725e-01	2.624e-06	-3.436e+02	3.556e+01	9.578e-01	1.856e+01
4.706e-01	2.635e-06	-3.464e+02	3.599e+01	9.655e-01	1.864e+01
4.687e-01	2.645e-06	-3.493e+02	3.642e+01	9.732e-01	1.871e+01
4.668e-01	2.656e-06	-3.521e+02	3.687e+01	9.810e-01	1.879e+01
4.649e-01	2.667e-06	-3.550e+02	3.732e+01	9.889e-01	1.887e+01
4.629e-01	2.678e-06	-3.580e+02	3.778e+01	9.969e-01	1.895e+01
4.610e-01	2.689e-06	-3.609e+02	3.824e+01	1.005e+00	1.903e+01
4.591e-01	2.701e-06	-3.640e+02	3.871e+01	1.013e+00	1.910e+01
4.572e-01	2.712e-06	-3.670e+02	3.920e+01	1.022e+00	1.918e+01
4.553e-01	2.723e-06	-3.701e+02	3.968e+01	1.030e+00	1.927e+01
4.534e-01	2.735e-06	-3.732e+02	4.018e+01	1.038e+00	1.935e+01
4.515e-01	2.746e-06	-3.764e+02	4.069e+01	1.047e+00	1.943e+01
4.496e-01	2.758e-06	-3.796e+02	4.120e+01	1.056e+00	1.951e+01
4.476e-01	2.770e-06	-3.828e+02	4.172e+01	1.065e+00	1.960e+01
4.457e-01	2.782e-06	-3.861e+02	4.225e+01	1.074e+00	1.968e+01
4.438e-01	2.794e-06	-3.895e+02	4.279e+01	1.083e+00	1.976e+01
4.419e-01	2.806e-06	-3.928e+02	4.334e+01	1.092e+00	1.985e+01
4.400e-01	2.818e-06	-3.962e+02	4.390e+01	1.101e+00	1.994e+01
4.381e-01	2.830e-06	-3.997e+02	4.447e+01	1.111e+00	2.002e+01
4.362e-01	2.843e-06	-4.032e+02	4.505e+01	1.120e+00	2.011e+01
4.343e-01	2.855e-06	-4.068e+02	4.564e+01	1.130e+00	2.020e+01
4.323e-01	2.868e-06	-4.104e+02	4.624e+01	1.139e+00	2.029e+01
4.304e-01	2.881e-06	-4.140e+02	4.685e+01	1.149e+00	2.038e+01
4.285e-01	2.893e-06	-4.177e+02	4.747e+01	1.159e+00	2.047e+01
4.266e-01	2.906e-06	-4.214e+02	4.810e+01	1.170e+00	2.056e+01
4.247e-01	2.919e-06	-4.252e+02	4.874e+01	1.180e+00	2.065e+01
4.228e-01	2.933e-06	-4.290e+02	4.939e+01	1.190e+00	2.075e+01
4.209e-01	2.946e-06	-4.329e+02	5.006e+01	1.201e+00	2.084e+01
4.189e-01	2.959e-06	-4.369e+02	5.074e+01	1.212e+00	2.094e+01
4.170e-01	2.973e-06	-4.409e+02	5.142e+01	1.223e+00	2.103e+01
4.151e-01	2.987e-06	-4.449e+02	5.213e+01	1.234e+00	2.113e+01
4.132e-01	3.001e-06	-4.490e+02	5.284e+01	1.245e+00	2.123e+01
4.113e-01	3.015e-06	-4.532e+02	5.357e+01	1.256e+00	2.132e+01
4.094e-01	3.029e-06	-4.574e+02	5.431e+01	1.267e+00	2.142e+01
4.075e-01	3.043e-06	-4.617e+02	5.506e+01	1.279e+00	2.152e+01
4.056e-01	3.057e-06	-4.660e+02	5.583e+01	1.291e+00	2.163e+01
4.036e-01	3.072e-06	-4.704e+02	5.662e+01	1.303e+00	2.173e+01
4.017e-01	3.086e-06	-4.748e+02	5.741e+01	1.315e+00	2.183e+01
3.998e-01	3.101e-06	-4.794e+02	5.823e+01	1.327e+00	2.193e+01
3.979e-01	3.116e-06	-4.839e+02	5.905e+01	1.340e+00	2.204e+01
3.960e-01	3.131e-06	-4.886e+02	5.990e+01	1.352e+00	2.215e+01
3.941e-01	3.146e-06	-4.933e+02	6.076e+01	1.365e+00	2.225e+01
3.922e-01	3.162e-06	-4.981e+02	6.163e+01	1.378e+00	2.236e+01
3.903e-01	3.177e-06	-5.029e+02	6.253e+01	1.391e+00	2.247e+01
3.883e-01	3.193e-06	-5.078e+02	6.344e+01	1.405e+00	2.258e+01
3.864e-01	3.209e-06	-5.128e+02	6.436e+01	1.418e+00	2.269e+01
3.845e-01	3.224e-06	-5.179e+02	6.531e+01	1.432e+00	2.280e+01
3.826e-01	3.241e-06	-5.230e+02	6.628e+01	1.446e+00	2.292e+01
3.807e-01	3.257e-06	-5.282e+02	6.726e+01	1.460e+00	2.303e+01
3.788e-01	3.273e-06	-5.335e+02	6.826e+01	1.475e+00	2.314e+01
3.769e-01	3.290e-06	-5.389e+02	6.928e+01	1.489e+00	2.326e+01
3.749e-01	3.307e-06	-5.443e+02	7.033e+01	1.504e+00	2.338e+01
3.730e-01	3.324e-06	-5.498e+02	7.139e+01	1.519e+00	2.350e+01
3.711e-01	3.341e-06	-5.555e+02	7.248e+01	1.534e+00	2.362e+01
3.692e-01	3.358e-06	-5.611e+02	7.359e+01	1.550e+00	2.374e+01
3.673e-01	3.376e-06	-5.669e+02	7.472e+01	1.566e+00	2.386e+01
3.654e-01	3.393e-06	-5.728e+02	7.587e+01	1.582e+00	2.399e+01
3.635e-01	3.411e-06	-5.788e+02	7.705e+01	1.598e+00	2.411e+01
3.616e-01	3.429e-06	-5.848e+02	7.825e+01	1.614e+00	2.424e+01
3.596e-01	3.447e-06	-5.909e+02	7.947e+01	1.631e+00	2.436e+01
3.577e-01	3.466e-06	-5.972e+02	8.073e+01	1.648e+00	2.449e+01
3.558e-01	3.485e-06	-6.035e+02	8.201e+01	1.665e+00	2.462e+01
3.539e-01	3.503e-06	-6.100e+02	8.331e+01	1.683e+00	2.475e+01
3.520e-01	3.522e-06	-6.165e+02	8.464e+01	1.701e+00	2.489e+01
3.501e-01	3.542e-06	-6.231e+02	8.600e+01	1.719e+00	2.502e+01
3.482e-01	3.561e-06	-6.299e+02	8.740e+01	1.737e+00	2.516e+01
3.463e-01	3.581e-06	-6.367e+02	8.882e+01	1.756e+00	2.529e+01
3.443e-01	3.601e-06	-6.437e+02	9.027e+01	1.775e+00	2.543e+01
3.424e-01	3.621e-06	-6.508e+02	9.175e+01	1.794e+00	2.557e+01
3.405e-01	3.641e-06	-6.580e+02	9.327e+01	1.813e+00	2.572e+01
3.386e-01	3.662e-06	-6.653e+02	9.481e+01	1.833e+00	2.586e+01
3.367e-01	3.683e-06	-6.727e+02	9.640e+01	1.854e+00	2.600e+01
3.348e-01	3.704e-06	-6.803e+02	9.802e+01	1.874e+00	2.615e+01
3.329e-01	3.725e-06	-6.880e+02	9.967e+01	1.895e+00	2.630e+01
3.310e-01	3.746e-06	-6.958e+02	1.014e+02	1.916e+00	2.645e+01
3.290e-01	3.768e-06	-7.037e+02	1.031e+02	1.938e+00	2.660e+01
3.271e-01	3.790e-06	-7.118e+02	1.049e+02	1.960e+00	2.675e+01
3.252e-01	3.812e-06	-7.200e+02	1.067e+02	1.982e+00	2.691e+01
3.233e-01	3.835e-06	-7.284e+02	1.085e+02	2.005e+00	2.706e+01
3.214e-01	3.858e-06	-7.369e+02	1.104e+02	2.028e+00	2.722e+01
3.195e-01	3.881e-06	-7.455e+02	1.124e+02	2.052e+00	2.738e+01
3.176e-01	3.904e-06	-7.543e+02	1.143e+02	2.076e+00	2.754e+01
3.156e-01	3.928e-06	-7.633e+02	1.164e+02	2.100e+00	2.771e+01
3.137e-01	3.952e-06	-7.724e+02	1.184e+02	2.125e+00	2.787e+01
3.118e-01	3.976e-06	-7.817e+02	1.206e+02	2.150e+00	2.804e+01
3.099e-01	4.001e-06	-7.911e+02	1.227e+02	2.176e+00	2.821e+01
3.080e-01	4.026e-06	-8.007e+02	1.250e+02	2.202e+00	2.838e+01
3.061e-01	4.051e-06	-8.105e+02	1.273e+02	2.228e+00	2.856e+01
3.042e-01	4.076e-06	-8.204e+02	1.296e+02	2.255e+00	2.873e+01
3.023e-01	4.102e-06	-8.306e+02	1.320e+02	2.283e+00	2.891e+01
3.003e-01	4.128e-06	-8.409e+02	1.345e+02	2.311e+00	2.909e+01
2.984e-01	4.155e-06	-8.514e+02	1.370e+02	2.340e+00	2.927e+01
2.965e-01	4.181e-06	-8.621e+02	1.396e+02	2.369e+00	2.946e+01
2.946e-01	4.209e-06	-8.730e+02	1.422e+02	2.398e+00	2.964e+01
2.927e-01	4.236e-06	-8.841e+02	1.449e+02	2.429e+00	2.983e+01
2.908e-01	4.264e-06	-8.954e+02	1.477e+02	2.459e+00	3.002e+01
2.889e-01	4.292e-06	-9.070e+02	1.505e+02	2.491e+00	3.022e+01
2.869e-01	4.321e-06	-9.187e+02	1.535e+02	2.523e+00	3.041e+01
2.850e-01	4.350e-06	-9.307e+02	1.565e+02	2.555e+00	3.061e+01
2.831e-01	4.379e-06	-9.429e+02	1.595e+02	2.589e+00	3.082e+01
2.812e-01	4.409e-06	-9.553e+02	1.627e+02	2.622e+00	3.102e+01
2.793e-01	4.439e-06	-9.680e+02	1.659e+02	2.657e+00	3.123e+01
2.774e-01	4.470e-06	-9.810e+02	1.693e+02	2.692e+00	3.144e+01
2.755e-01	4.501e-06	-9.942e+02	1.727e+02	2.728e+00	3.165e+01
2.736e-01	4.532e-06	-1.008e+03	1.762e+02	2.765e+00	3.186e+01
2.716e-01	4.564e-06	-1.021e+03	1.798e+02	2.802e+00	3.208e+01
2.697e-01	4.597e-06	-1.035e+03	1.835e+02	2.840e+00	3.230e+01
2.678e-01	4.629e-06	-1.050e+03	1.873e+02	2.879e+00	3.253e+01
2.659e-01	4.663e-06	-1.064e+03	1.912e+02	2.919e+00	3.275e+01
2.640e-01	4.697e-06	-1.079e+03	1.952e+02	2.959e+00	3.298e+01
2.621e-01	4.731e-06	-1.094e+03	1.993e+02	3.000e+00	3.322e+01
2.602e-01	4.766e-06	-1.110e+03	2.036e+02	3.043e+00	3.345e+01
2.583e-01	4.801e-06	-1.126e+03	2.079e+02	3.086e+00	3.369e+01
2.563e-01	4.837e-06	-1.142e+03	2.124e+02	3.130e+00	3.394e+01
2.544e-01	4.873e-06	-1.158e+03	2.170e+02	3.174e+00	3.418e+01
2.525e-01	4.910e-06	-1.175e+03	2.218e+02	3.220e+00	3.443e+01
2.506e-01	4.947e-06	-1.192e+03	2.267e+02	3.267e+00	3.469e+01
2.487e-01	4.986e-06	-1.210e+03	2.317e+02	3.315e+00	3.494e+01
2.468e-01	5.024e-06	-1.228e+03	2.369e+02	3.364e+00	3.520e+01
2.449e-01	5.063e-06	-1.246e+03	2.422e+02	3.414e+00	3.547e+01
2.429e-01	5.103e-06	-1.265e+03	2.477e+02	3.465e+00	3.574e+01
2.410e-01	5.144e-06	-1.284e+03	2.533e+02	3.517e+00	3.601e+01
2.391e-01	5.185e-06	-1.304e+03	2.591e+02	3.571e+00	3.629e+01
2.372e-01	5.227e-06	-1.324e+03	2.651e+02	3.625e+00	3.657e+01
2.353e-01	5.269e-06	-1.345e+03	2.713e+02	3.681e+00	3.685e+01
2.334e-01	5.312e-06	-1.366e+03	2.777e+02	3.738e+00	3.714e+01
2.315e-01	5.356e-06	-1.387e+03	2.843e+02	3.797e+00	3.744e+01
2.296e-01	5.401e-06	-1.409e+03	2.911e+02	3.856e+00	3.774e+01
2.276e-01	5.446e-06	-1.432e+03	2.981e+02	3.918e+00	3.804e+01
2.257e-01	5.493e-06	-1.455e+03	3.053e+02	3.980e+00	3.835e+01
2.238e-01	5.539e-06	-1.478e+03	3.127e+02	4.044e+00	3.866e+01
2.219e-01	5.587e-06	-1.503e+03	3.204e+02	4.110e+00	3.898e+01
2.200e-01	5.636e-06	-1.527e+03	3.284e+02	4.177e+00	3.930e+01
2.181e-01	5.685e-06	-1.553e+03	3.366e+02	4.246e+00	3.963e+01
2.162e-01	5.736e-06	-1.579e+03	3.450e+02	4.317e+00	3.997e+01
2.143e-01	5.787e-06	-1.605e+03	3.538e+02	4.389e+00	4.031e+01
2.123e-01	5.839e-06	-1.633e+03	3.628e+02	4.463e+00	4.065e+01
2.104e-01	5.892e-06	-1.661e+03	3.722e+02	4.539e+00	4.100e+01
2.085e-01	5.946e-06	-1.689e+03	3.819e+02	4.617e+00	4.136e+01
2.066e-01	6.001e-06	-1.719e+03	3.919e+02	4.696e+00	4.172e+01
2.047e-01	6.057e-06	-1.749e+03	4.022e+02	4.778e+00	4.209e+01
2.028e-01	6.114e-06	-1.780e+03	4.129e+02	4.862e+00	4.247e+01
2.009e-01	6.173e-06	-1.811e+03	4.240e+02	4.948e+00	4.285e+01
1.990e-01	6.232e-06	-1.844e+03	4.355e+02	5.037e+00	4.324e+01
1.970e-01	6.292e-06	-1.878e+03	4.474e+02	5.127e+00	4.363e+01
1.951e-01	6.354e-06	-1.912e+03	4.598e+02	5.220e+00	4.404e+01
1.932e-01	6.417e-06	-1.947e+03	4.725e+02	5.316e+00	4.445e+01
1.913e-01	6.481e-06	-1.983e+03	4.858e+02	5.414e+00	4.486e+01
1.894e-01	6.547e-06	-2.021e+03	4.995e+02	5.515e+00	4.529e+01
1.875e-01	6.613e-06	-2.059e+03	5.138e+02	5.619e+00	4.572e+01
1.856e-01	6.682e-06	-2.098e+03	5.286e+02	5.725e+00	4.616e+01
1.836e-01	6.751e-06	-2.139e+03	5.439e+02	5.835e+00	4.661e+01
1.817e-01	6.822e-06	-2.180e+03	5.598e+02	5.947e+00	4.707e+01
1.798e-01	6.895e-06	-2.223e+03	5.764e+02	6.063e+00	4.754e+01
1.779e-01	6.969e-06	-2.267e+03	5.936e+02	6.182e+00	4.801e+01
1.760e-01	7.045e-06	-2.312e+03	6.115e+02	6.304e+00	4.850e+01
1.741e-01	7.122e-06	-2.359e+03	6.300e+02	6.430e+00	4.899e+01
1.722e-01	7.201e-06	-2.407e+03	6.493e+02	6.560e+00	4.949e+01
1.703e-01	7.282e-06	-2.456e+03	6.695e+02	6.693e+00	5.001e+01
1.683e-01	7.365e-06	-2.507e+03	6.904e+02	6.831e+00	5.053e+01
1.664e-01	7.450e-06	-2.559e+03	7.122e+02	6.972e+00	5.107e+01
1.645e-01	7.536e-06	-2.614e+03	7.348e+02	7.118e+00	5.162e+01
1.626e-01	7.625e-06	-2.669e+03	7.585e+02	7.269e+00	5.217e+01
1.607e-01	7.716e-06	-2.727e+03	7.831e+02	7.424e+00	5.274e+01
1.588e-01	7.809e-06	-2.786e+03	8.088e+02	7.584e+00	5.332e+01
1.569e-01	7.904e-06	-2.847e+03	8.356e+02	7.748e+00	5.392e+01
1.550e-01	8.001e-06	-2.910e+03	8.635e+02	7.919e+00	5.453e+01
1.530e-01	8.101e-06	-2.976e+03	8.927e+02	8.094e+00	5.515e+01
1.511e-01	8.204e-06	-3.043e+03	9.232e+02	8.275e+00	5.578e+01
1.492e-01	8.309e-06	-3.112e+03	9.550e+02	8.462e+00	5.643e+01
1.473e-01	8.417e-06	-3.184e+03	9.883e+02	8.655e+00	5.709e+01
1.454e-01	8.528e-06	-3.259e+03	1.023e+03	8.855e+00	5.777e+01
1.435e-01	8.642e-06	-3.336e+03	1.059e+03	9.061e+00	5.846e+01
1.416e-01	8.758e-06	-3.415e+03	1.098e+03	9.274e+00	5.917e+01
1.396e-01	8.878e-06	-3.497e+03	1.137e+03	9.495e+00	5.990e+01
1.377e-01	9.002e-06	-3.583e+03	1.179e+03	9.722e+00	6.064e+01
1.358e-01	9.128e-06	-3.671e+03	1.223e+03	9.958e+00	6.140e+01
1.339e-01	9.259e-06	-3.762e+03	1.269e+03	1.020e+01	6.218e+01
1.320e-01	9.393e-06	-3.857e+03	1.317e+03	1.046e+01	6.298e+01
1.301e-01	9.531e-06	-3.955e+03	1.367e+03	1.072e+01	6.380e+01
1.282e-01	9.673e-06	-4.057e+03	1.420e+03	1.099e+01	6.464e+01
1.263e-01	9.820e-06	-4.163e+03	1.476e+03	1.127e+01	6.550e+01
1.243e-01	9.971e-06	-4.272e+03	1.535e+03	1.156e+01	6.638e+01
1.224e-01	1.013e-05	-4.386e+03	1.596e+03	1.186e+01	6.728e+01
1.205e-01	1.029e-05	-4.505e+03	1.661e+03	1.217e+01	6.821e+01
1.186e-01	1.045e-05	-4.628e+03	1.729e+03	1.250e+01	6.917e+01
1.167e-01	1.063e-05	-4.756e+03	1.801e+03	1.284e+01	7.015e+01
1.148e-01	1.080e-05	-4.889e+03	1.876e+03	1.319e+01	7.115e+01
1.129e-01	1.099e-05	-5.027e+03	1.956e+03	1.355e+01	7.219e+01
1.110e-01	1.117e-05	-5.172e+03	2.040e+03	1.393e+01	7.325e+01
1.090e-01	1.137e-05	-5.322e+03	2.129e+03	1.432e+01	7.434e+01
1.071e-01	1.157e-05	-5.478e+03	2.223e+03	1.473e+01	7.547e+01
1.052e-01	1.178e-05	-5.642e+03	2.322e+03	1.515e+01	7.662e+01
1.033e-01	1.200e-05	-5.812e+03	2.427e+03	1.559e+01	7.782e+01
1.014e-01	1.223e-05	-5.990e+03	2.537e+03	1.605e+01	7.904e+01
9.947e-02	1.246e-05	-6.177e+03	2.655e+03	1.653e+01	8.031e+01
9.756e-02	1.271e-05	-6.371e+03	2.779e+03	1.703e+01	8.162e+01
9.565e-02	1.296e-05	-6.575e+03	2.911e+03	1.754e+01	8.296e+01
9.374e-02	1.323e-05	-6.788e+03	3.051e+03	1.808e+01	8.435e+01
9.183e-02	1.350e-05	-7.011e+03	3.199e+03	1.865e+01	8.578e+01
8.991e-02	1.379e-05	-7.246e+03	3.357e+03	1.923e+01	8.727e+01
8.800e-02	1.409e-05	-7.491e+03	3.524e+03	1.984e+01	8.880e+01
8.608e-02	1.440e-05	-7.750e+03	3.702e+03	2.048e+01	9.038e+01
8.417e-02	1.473e-05	-8.021e+03	3.892e+03	2.115e+01	9.202e+01
8.226e-02	1.507e-05	-8.307e+03	4.094e+03	2.184e+01	9.372e+01
8.035e-02	1.543e-05	-8.608e+03	4.309e+03	2.257e+01	9.548e+01
7.843e-02	1.581e-05	-8.925e+03	4.539e+03	2.332e+01	9.731e+01
7.652e-02	1.620e-05	-9.260e+03	4.784e+03	2.411e+01	9.921e+01
7.461e-02	1.662e-05	-9.615e+03	5.047e+03	2.494e+01	1.012e+02
7.269e-02	1.706e-05	-9.990e+03	5.327e+03	2.580e+01	1.032e+02
7.078e-02	1.752e-05	-1.039e+04	5.627e+03	2.670e+01	1.054e+02
6.887e-02	1.800e-05	-1.081e+04	5.949e+03	2.765e+01	1.076e+02
6.696e-02	1.852e-05	-1.126e+04	6.294e+03	2.863e+01	1.099e+02
6.504e-02	1.906e-05	-1.174e+04	6.664e+03	2.966e+01	1.123e+02
6.313e-02	1.964e-05	-1.225e+04	7.062e+03	3.074e+01	1.149e+02
6.121e-02	2.025e-05	-1.280e+04	7.491e+03	3.186e+01	1.175e+02
5.930e-02	2.091e-05	-1.339e+04	7.952e+03	3.304e+01	1.203e+02
5.739e-02	2.160e-05	-1.402e+04	8.449e+03	3.427e+01	1.233e+02
5.548e-02	2.235e-05	-1.471e+04	8.986e+03	3.555e+01	1.264e+02
5.356e-02	2.315e-05	-1.545e+04	9.567e+03	3.690e+01	1.296e+02
5.165e-02	2.400e-05	-1.625e+04	1.020e+04	3.830e+01	1.331e+02
4.974e-02	2.493e-05	-1.713e+04	1.088e+04	3.976e+01	1.368e+02
					
					
					
					
					
					
					
					
					
					
					
