#Photon energy	Wavelength	ep1	ep2	n	k
#eV	m				
4.133e+00	3.000e-07	-1.019e+00	6.027e+00	1.596e+00	1.888e+00
3.999e+00	3.100e-07	-8.733e-01	6.251e+00	1.649e+00	1.895e+00
3.874e+00	3.200e-07	-6.995e-01	6.341e+00	1.685e+00	1.881e+00
3.757e+00	3.300e-07	-5.587e-01	6.319e+00	1.701e+00	1.858e+00
3.647e+00	3.400e-07	-4.928e-01	6.219e+00	1.695e+00	1.835e+00
3.542e+00	3.500e-07	-5.248e-01	6.086e+00	1.671e+00	1.821e+00
3.444e+00	3.600e-07	-6.503e-01	5.975e+00	1.637e+00	1.825e+00
3.351e+00	3.700e-07	-8.306e-01	5.930e+00	1.606e+00	1.846e+00
3.263e+00	3.800e-07	-1.004e+00	5.962e+00	1.588e+00	1.877e+00
3.179e+00	3.900e-07	-1.114e+00	6.034e+00	1.585e+00	1.904e+00
3.100e+00	4.000e-07	-1.148e+00	6.083e+00	1.588e+00	1.915e+00
3.024e+00	4.100e-07	-1.139e+00	6.055e+00	1.585e+00	1.911e+00
2.952e+00	4.200e-07	-1.148e+00	5.947e+00	1.567e+00	1.898e+00
2.883e+00	4.300e-07	-1.198e+00	5.802e+00	1.537e+00	1.887e+00
2.818e+00	4.400e-07	-1.257e+00	5.651e+00	1.505e+00	1.877e+00
2.755e+00	4.500e-07	-1.274e+00	5.462e+00	1.472e+00	1.855e+00
2.695e+00	4.600e-07	-1.263e+00	5.154e+00	1.422e+00	1.812e+00
2.638e+00	4.700e-07	-1.313e+00	4.685e+00	1.333e+00	1.758e+00
2.583e+00	4.800e-07	-1.524e+00	4.094e+00	1.193e+00	1.716e+00
2.530e+00	4.900e-07	-1.936e+00	3.479e+00	1.011e+00	1.720e+00
2.480e+00	5.000e-07	-2.521e+00	2.929e+00	8.197e-01	1.787e+00
2.431e+00	5.100e-07	-3.216e+00	2.491e+00	6.527e-01	1.908e+00
2.384e+00	5.200e-07	-3.959e+00	2.166e+00	5.263e-01	2.058e+00
2.339e+00	5.300e-07	-4.709e+00	1.931e+00	4.363e-01	2.213e+00
2.296e+00	5.400e-07	-5.450e+00	1.761e+00	3.724e-01	2.364e+00
2.254e+00	5.500e-07	-6.177e+00	1.632e+00	3.256e-01	2.507e+00
2.214e+00	5.600e-07	-6.891e+00	1.531e+00	2.899e-01	2.641e+00
2.175e+00	5.700e-07	-7.598e+00	1.449e+00	2.617e-01	2.769e+00
2.138e+00	5.800e-07	-8.301e+00	1.381e+00	2.388e-01	2.891e+00
2.101e+00	5.900e-07	-9.003e+00	1.323e+00	2.199e-01	3.009e+00
2.066e+00	6.000e-07	-9.706e+00	1.274e+00	2.041e-01	3.122e+00
2.033e+00	6.100e-07	-1.041e+01	1.233e+00	1.908e-01	3.232e+00
2.000e+00	6.200e-07	-1.112e+01	1.199e+00	1.794e-01	3.340e+00
1.968e+00	6.300e-07	-1.183e+01	1.170e+00	1.698e-01	3.444e+00
1.937e+00	6.400e-07	-1.255e+01	1.146e+00	1.616e-01	3.547e+00
1.907e+00	6.500e-07	-1.328e+01	1.128e+00	1.546e-01	3.647e+00
1.879e+00	6.600e-07	-1.401e+01	1.114e+00	1.487e-01	3.746e+00
1.851e+00	6.700e-07	-1.475e+01	1.104e+00	1.436e-01	3.843e+00
1.823e+00	6.800e-07	-1.549e+01	1.098e+00	1.394e-01	3.938e+00
1.797e+00	6.900e-07	-1.624e+01	1.095e+00	1.358e-01	4.033e+00
1.771e+00	7.000e-07	-1.700e+01	1.096e+00	1.328e-01	4.126e+00
1.746e+00	7.100e-07	-1.777e+01	1.100e+00	1.304e-01	4.217e+00
1.722e+00	7.200e-07	-1.854e+01	1.106e+00	1.284e-01	4.308e+00
1.698e+00	7.300e-07	-1.932e+01	1.116e+00	1.268e-01	4.398e+00
1.675e+00	7.400e-07	-2.011e+01	1.128e+00	1.257e-01	4.487e+00
1.653e+00	7.500e-07	-2.091e+01	1.142e+00	1.248e-01	4.575e+00
1.631e+00	7.600e-07	-2.172e+01	1.158e+00	1.242e-01	4.662e+00
1.610e+00	7.700e-07	-2.253e+01	1.177e+00	1.239e-01	4.749e+00
1.590e+00	7.800e-07	-2.336e+01	1.198e+00	1.239e-01	4.834e+00
1.569e+00	7.900e-07	-2.419e+01	1.220e+00	1.240e-01	4.920e+00
1.550e+00	8.000e-07	-2.503e+01	1.245e+00	1.244e-01	5.004e+00
1.531e+00	8.100e-07	-2.588e+01	1.271e+00	1.249e-01	5.088e+00
1.512e+00	8.200e-07	-2.673e+01	1.300e+00	1.256e-01	5.172e+00
1.494e+00	8.300e-07	-2.760e+01	1.329e+00	1.265e-01	5.255e+00
1.476e+00	8.400e-07	-2.847e+01	1.361e+00	1.275e-01	5.338e+00
1.459e+00	8.500e-07	-2.936e+01	1.394e+00	1.286e-01	5.420e+00
1.442e+00	8.600e-07	-3.025e+01	1.429e+00	1.298e-01	5.501e+00
1.425e+00	8.700e-07	-3.115e+01	1.465e+00	1.312e-01	5.583e+00
1.409e+00	8.800e-07	-3.206e+01	1.502e+00	1.326e-01	5.664e+00
1.393e+00	8.900e-07	-3.298e+01	1.542e+00	1.342e-01	5.745e+00
1.378e+00	9.000e-07	-3.391e+01	1.582e+00	1.358e-01	5.825e+00
1.362e+00	9.100e-07	-3.485e+01	1.624e+00	1.375e-01	5.905e+00
1.348e+00	9.200e-07	-3.580e+01	1.667e+00	1.393e-01	5.985e+00
1.333e+00	9.300e-07	-3.675e+01	1.712e+00	1.412e-01	6.064e+00
1.319e+00	9.400e-07	-3.772e+01	1.758e+00	1.431e-01	6.143e+00
1.305e+00	9.500e-07	-3.869e+01	1.805e+00	1.451e-01	6.222e+00
1.291e+00	9.600e-07	-3.968e+01	1.854e+00	1.471e-01	6.301e+00
1.278e+00	9.700e-07	-4.067e+01	1.904e+00	1.493e-01	6.379e+00
1.265e+00	9.800e-07	-4.167e+01	1.956e+00	1.514e-01	6.457e+00
1.252e+00	9.900e-07	-4.268e+01	2.008e+00	1.536e-01	6.535e+00
1.240e+00	1.000e-06	-4.371e+01	2.062e+00	1.559e-01	6.613e+00
1.228e+00	1.010e-06	-4.474e+01	2.117e+00	1.582e-01	6.690e+00
1.216e+00	1.020e-06	-4.578e+01	2.174e+00	1.606e-01	6.768e+00
1.204e+00	1.030e-06	-4.683e+01	2.232e+00	1.630e-01	6.845e+00
1.192e+00	1.040e-06	-4.788e+01	2.291e+00	1.655e-01	6.922e+00
1.181e+00	1.050e-06	-4.895e+01	2.351e+00	1.680e-01	6.999e+00
1.170e+00	1.060e-06	-5.003e+01	2.413e+00	1.705e-01	7.075e+00
1.159e+00	1.070e-06	-5.112e+01	2.476e+00	1.731e-01	7.152e+00
1.148e+00	1.080e-06	-5.222e+01	2.540e+00	1.757e-01	7.228e+00
1.137e+00	1.090e-06	-5.332e+01	2.605e+00	1.783e-01	7.304e+00
1.127e+00	1.100e-06	-5.444e+01	2.672e+00	1.810e-01	7.380e+00
1.117e+00	1.110e-06	-5.556e+01	2.740e+00	1.837e-01	7.456e+00
1.107e+00	1.120e-06	-5.670e+01	2.809e+00	1.865e-01	7.532e+00
1.097e+00	1.130e-06	-5.784e+01	2.880e+00	1.893e-01	7.608e+00
1.088e+00	1.140e-06	-5.899e+01	2.952e+00	1.921e-01	7.683e+00
1.078e+00	1.150e-06	-6.016e+01	3.025e+00	1.949e-01	7.759e+00
1.069e+00	1.160e-06	-6.133e+01	3.099e+00	1.978e-01	7.834e+00
1.060e+00	1.170e-06	-6.251e+01	3.175e+00	2.007e-01	7.909e+00
1.051e+00	1.180e-06	-6.370e+01	3.252e+00	2.036e-01	7.984e+00
1.042e+00	1.190e-06	-6.490e+01	3.330e+00	2.066e-01	8.059e+00
1.033e+00	1.200e-06	-6.611e+01	3.410e+00	2.096e-01	8.134e+00
1.025e+00	1.210e-06	-6.733e+01	3.490e+00	2.126e-01	8.208e+00
1.016e+00	1.220e-06	-6.856e+01	3.573e+00	2.157e-01	8.283e+00
1.008e+00	1.230e-06	-6.980e+01	3.656e+00	2.187e-01	8.358e+00
9.999e-01	1.240e-06	-7.105e+01	3.741e+00	2.218e-01	8.432e+00
9.919e-01	1.250e-06	-7.231e+01	3.827e+00	2.250e-01	8.506e+00
9.840e-01	1.260e-06	-7.357e+01	3.915e+00	2.281e-01	8.581e+00
9.763e-01	1.270e-06	-7.485e+01	4.004e+00	2.313e-01	8.655e+00
9.686e-01	1.280e-06	-7.607e+01	4.087e+00	2.342e-01	8.725e+00
9.611e-01	1.290e-06	-7.730e+01	4.171e+00	2.371e-01	8.795e+00
9.537e-01	1.300e-06	-7.853e+01	4.256e+00	2.400e-01	8.865e+00
9.464e-01	1.310e-06	-7.978e+01	4.343e+00	2.430e-01	8.935e+00
9.393e-01	1.320e-06	-8.103e+01	4.430e+00	2.460e-01	9.005e+00
9.322e-01	1.330e-06	-8.229e+01	4.519e+00	2.490e-01	9.075e+00
9.253e-01	1.340e-06	-8.356e+01	4.609e+00	2.520e-01	9.145e+00
9.184e-01	1.350e-06	-8.484e+01	4.700e+00	2.551e-01	9.214e+00
8.670e-01	1.430e-06	-9.587e+01	5.533e+00	2.824e-01	9.796e+00
8.610e-01	1.440e-06	-9.723e+01	5.636e+00	2.857e-01	9.865e+00
8.551e-01	1.450e-06	-9.859e+01	5.740e+00	2.889e-01	9.934e+00
8.492e-01	1.460e-06	-9.996e+01	5.845e+00	2.922e-01	1.000e+01
8.434e-01	1.470e-06	-1.013e+02	5.952e+00	2.955e-01	1.007e+01
8.377e-01	1.480e-06	-1.027e+02	6.059e+00	2.988e-01	1.014e+01
8.321e-01	1.490e-06	-1.041e+02	6.169e+00	3.021e-01	1.021e+01
8.266e-01	1.500e-06	-1.055e+02	6.279e+00	3.055e-01	1.028e+01
8.211e-01	1.510e-06	-1.069e+02	6.391e+00	3.089e-01	1.035e+01
8.157e-01	1.520e-06	-1.084e+02	6.504e+00	3.123e-01	1.041e+01
8.104e-01	1.530e-06	-1.098e+02	6.618e+00	3.157e-01	1.048e+01
8.051e-01	1.540e-06	-1.112e+02	6.734e+00	3.191e-01	1.055e+01
7.999e-01	1.550e-06	-1.127e+02	6.851e+00	3.226e-01	1.062e+01
7.948e-01	1.560e-06	-1.141e+02	6.969e+00	3.260e-01	1.069e+01
7.897e-01	1.570e-06	-1.156e+02	7.089e+00	3.295e-01	1.076e+01
7.847e-01	1.580e-06	-1.170e+02	7.210e+00	3.331e-01	1.082e+01
7.798e-01	1.590e-06	-1.185e+02	7.333e+00	3.366e-01	1.089e+01
7.749e-01	1.600e-06	-1.200e+02	7.457e+00	3.402e-01	1.096e+01
7.701e-01	1.610e-06	-1.215e+02	7.582e+00	3.437e-01	1.103e+01
7.653e-01	1.620e-06	-1.230e+02	7.709e+00	3.474e-01	1.110e+01
7.606e-01	1.630e-06	-1.245e+02	7.837e+00	3.510e-01	1.116e+01
7.560e-01	1.640e-06	-1.260e+02	7.966e+00	3.546e-01	1.123e+01
7.514e-01	1.650e-06	-1.276e+02	8.098e+00	3.583e-01	1.130e+01
7.469e-01	1.660e-06	-1.291e+02	8.230e+00	3.620e-01	1.137e+01
7.424e-01	1.670e-06	-1.306e+02	8.364e+00	3.657e-01	1.144e+01
7.380e-01	1.680e-06	-1.322e+02	8.500e+00	3.695e-01	1.150e+01
7.336e-01	1.690e-06	-1.337e+02	8.637e+00	3.732e-01	1.157e+01
7.293e-01	1.700e-06	-1.353e+02	8.776e+00	3.770e-01	1.164e+01
7.251e-01	1.710e-06	-1.369e+02	8.916e+00	3.808e-01	1.171e+01
7.208e-01	1.720e-06	-1.385e+02	9.058e+00	3.847e-01	1.177e+01
7.167e-01	1.730e-06	-1.401e+02	9.201e+00	3.885e-01	1.184e+01
7.126e-01	1.740e-06	-1.417e+02	9.346e+00	3.924e-01	1.191e+01
7.085e-01	1.750e-06	-1.433e+02	9.493e+00	3.963e-01	1.198e+01
7.045e-01	1.760e-06	-1.449e+02	9.642e+00	4.003e-01	1.204e+01
7.005e-01	1.770e-06	-1.465e+02	9.791e+00	4.042e-01	1.211e+01
6.965e-01	1.780e-06	-1.482e+02	9.943e+00	4.082e-01	1.218e+01
6.926e-01	1.790e-06	-1.498e+02	1.010e+01	4.123e-01	1.225e+01
6.888e-01	1.800e-06	-1.514e+02	1.025e+01	4.163e-01	1.231e+01
6.850e-01	1.810e-06	-1.531e+02	1.041e+01	4.204e-01	1.238e+01
6.812e-01	1.820e-06	-1.548e+02	1.057e+01	4.245e-01	1.245e+01
6.775e-01	1.830e-06	-1.564e+02	1.073e+01	4.286e-01	1.252e+01
6.738e-01	1.840e-06	-1.581e+02	1.089e+01	4.328e-01	1.258e+01
6.702e-01	1.850e-06	-1.598e+02	1.105e+01	4.369e-01	1.265e+01
6.666e-01	1.860e-06	-1.615e+02	1.122e+01	4.412e-01	1.272e+01
6.630e-01	1.870e-06	-1.632e+02	1.139e+01	4.454e-01	1.278e+01
6.595e-01	1.880e-06	-1.650e+02	1.156e+01	4.497e-01	1.285e+01
6.560e-01	1.890e-06	-1.667e+02	1.173e+01	4.540e-01	1.292e+01
6.525e-01	1.900e-06	-1.684e+02	1.190e+01	4.583e-01	1.299e+01
6.491e-01	1.910e-06	-1.702e+02	1.208e+01	4.627e-01	1.305e+01
6.457e-01	1.920e-06	-1.719e+02	1.226e+01	4.671e-01	1.312e+01
6.424e-01	1.930e-06	-1.737e+02	1.244e+01	4.715e-01	1.319e+01
6.391e-01	1.940e-06	-1.754e+02	1.262e+01	4.760e-01	1.325e+01
6.358e-01	1.950e-06	-1.772e+02	1.280e+01	4.805e-01	1.332e+01
6.326e-01	1.960e-06	-1.790e+02	1.299e+01	4.851e-01	1.339e+01
6.294e-01	1.970e-06	-1.808e+02	1.318e+01	4.896e-01	1.346e+01
6.262e-01	1.980e-06	-1.826e+02	1.337e+01	4.942e-01	1.352e+01
6.230e-01	1.990e-06	-1.844e+02	1.356e+01	4.989e-01	1.359e+01
6.199e-01	2.000e-06	-1.860e+02	1.373e+01	5.031e-01	1.365e+01
6.179e-01	2.007e-06	-1.875e+02	1.389e+01	5.068e-01	1.370e+01
6.141e-01	2.019e-06	-1.899e+02	1.415e+01	5.129e-01	1.379e+01
6.121e-01	2.025e-06	-1.912e+02	1.428e+01	5.160e-01	1.384e+01
6.083e-01	2.038e-06	-1.937e+02	1.455e+01	5.224e-01	1.393e+01
6.064e-01	2.045e-06	-1.949e+02	1.469e+01	5.256e-01	1.397e+01
6.026e-01	2.058e-06	-1.975e+02	1.497e+01	5.321e-01	1.406e+01
6.007e-01	2.064e-06	-1.988e+02	1.511e+01	5.354e-01	1.411e+01
5.969e-01	2.077e-06	-2.015e+02	1.540e+01	5.421e-01	1.420e+01
5.949e-01	2.084e-06	-2.028e+02	1.555e+01	5.455e-01	1.425e+01
5.911e-01	2.098e-06	-2.055e+02	1.585e+01	5.524e-01	1.435e+01
5.892e-01	2.104e-06	-2.069e+02	1.600e+01	5.559e-01	1.439e+01
5.854e-01	2.118e-06	-2.097e+02	1.632e+01	5.630e-01	1.449e+01
5.835e-01	2.125e-06	-2.111e+02	1.648e+01	5.666e-01	1.454e+01
5.796e-01	2.139e-06	-2.140e+02	1.681e+01	5.739e-01	1.464e+01
5.777e-01	2.146e-06	-2.155e+02	1.697e+01	5.776e-01	1.469e+01
5.758e-01	2.153e-06	-2.170e+02	1.714e+01	5.814e-01	1.474e+01
5.720e-01	2.168e-06	-2.200e+02	1.748e+01	5.890e-01	1.484e+01
5.701e-01	2.175e-06	-2.215e+02	1.766e+01	5.929e-01	1.489e+01
5.662e-01	2.190e-06	-2.246e+02	1.802e+01	6.007e-01	1.500e+01
5.643e-01	2.197e-06	-2.261e+02	1.820e+01	6.047e-01	1.505e+01
5.624e-01	2.205e-06	-2.277e+02	1.839e+01	6.087e-01	1.510e+01
5.586e-01	2.220e-06	-2.309e+02	1.876e+01	6.168e-01	1.521e+01
5.567e-01	2.227e-06	-2.326e+02	1.896e+01	6.210e-01	1.526e+01
5.548e-01	2.235e-06	-2.342e+02	1.915e+01	6.252e-01	1.532e+01
5.529e-01	2.243e-06	-2.359e+02	1.935e+01	6.294e-01	1.537e+01
5.490e-01	2.258e-06	-2.393e+02	1.975e+01	6.380e-01	1.548e+01
5.471e-01	2.266e-06	-2.410e+02	1.996e+01	6.423e-01	1.554e+01
5.452e-01	2.274e-06	-2.427e+02	2.017e+01	6.468e-01	1.559e+01
5.433e-01	2.282e-06	-2.445e+02	2.038e+01	6.512e-01	1.565e+01
5.395e-01	2.298e-06	-2.481e+02	2.082e+01	6.603e-01	1.576e+01
5.375e-01	2.307e-06	-2.499e+02	2.104e+01	6.649e-01	1.582e+01
5.356e-01	2.315e-06	-2.517e+02	2.126e+01	6.695e-01	1.588e+01
5.337e-01	2.323e-06	-2.535e+02	2.149e+01	6.742e-01	1.594e+01
5.299e-01	2.340e-06	-2.573e+02	2.195e+01	6.837e-01	1.606e+01
5.280e-01	2.348e-06	-2.592e+02	2.219e+01	6.886e-01	1.611e+01
5.261e-01	2.357e-06	-2.611e+02	2.243e+01	6.935e-01	1.617e+01
5.242e-01	2.365e-06	-2.631e+02	2.268e+01	6.984e-01	1.624e+01
5.223e-01	2.374e-06	-2.651e+02	2.293e+01	7.034e-01	1.630e+01
5.203e-01	2.383e-06	-2.671e+02	2.318e+01	7.085e-01	1.636e+01
5.184e-01	2.392e-06	-2.691e+02	2.343e+01	7.136e-01	1.642e+01
5.146e-01	2.409e-06	-2.732e+02	2.396e+01	7.240e-01	1.654e+01
5.127e-01	2.418e-06	-2.753e+02	2.422e+01	7.293e-01	1.661e+01
5.108e-01	2.427e-06	-2.774e+02	2.449e+01	7.347e-01	1.667e+01
5.089e-01	2.437e-06	-2.795e+02	2.477e+01	7.401e-01	1.673e+01
5.069e-01	2.446e-06	-2.817e+02	2.505e+01	7.455e-01	1.680e+01
5.050e-01	2.455e-06	-2.838e+02	2.533e+01	7.511e-01	1.686e+01
5.031e-01	2.464e-06	-2.860e+02	2.562e+01	7.566e-01	1.693e+01
5.012e-01	2.474e-06	-2.883e+02	2.591e+01	7.623e-01	1.700e+01
4.993e-01	2.483e-06	-2.905e+02	2.621e+01	7.680e-01	1.706e+01
4.974e-01	2.493e-06	-2.928e+02	2.651e+01	7.738e-01	1.713e+01
4.955e-01	2.502e-06	-2.951e+02	2.681e+01	7.797e-01	1.720e+01
4.935e-01	2.512e-06	-2.974e+02	2.713e+01	7.856e-01	1.726e+01
4.916e-01	2.522e-06	-2.998e+02	2.744e+01	7.916e-01	1.733e+01
4.897e-01	2.532e-06	-3.022e+02	2.776e+01	7.976e-01	1.740e+01
4.878e-01	2.542e-06	-3.046e+02	2.809e+01	8.037e-01	1.747e+01
4.859e-01	2.552e-06	-3.070e+02	2.842e+01	8.099e-01	1.754e+01
4.840e-01	2.562e-06	-3.095e+02	2.875e+01	8.162e-01	1.761e+01
4.821e-01	2.572e-06	-3.120e+02	2.909e+01	8.226e-01	1.768e+01
4.802e-01	2.582e-06	-3.145e+02	2.944e+01	8.290e-01	1.775e+01
4.782e-01	2.593e-06	-3.171e+02	2.979e+01	8.355e-01	1.783e+01
4.763e-01	2.603e-06	-3.197e+02	3.015e+01	8.421e-01	1.790e+01
4.744e-01	2.613e-06	-3.223e+02	3.051e+01	8.487e-01	1.797e+01
4.725e-01	2.624e-06	-3.250e+02	3.088e+01	8.554e-01	1.805e+01
4.706e-01	2.635e-06	-3.277e+02	3.125e+01	8.623e-01	1.812e+01
4.687e-01	2.645e-06	-3.304e+02	3.163e+01	8.692e-01	1.820e+01
4.668e-01	2.656e-06	-3.331e+02	3.202e+01	8.761e-01	1.827e+01
4.649e-01	2.667e-06	-3.359e+02	3.241e+01	8.832e-01	1.835e+01
4.629e-01	2.678e-06	-3.387e+02	3.281e+01	8.904e-01	1.843e+01
4.610e-01	2.689e-06	-3.416e+02	3.322e+01	8.976e-01	1.850e+01
4.591e-01	2.701e-06	-3.445e+02	3.363e+01	9.049e-01	1.858e+01
4.572e-01	2.712e-06	-3.474e+02	3.405e+01	9.123e-01	1.866e+01
4.553e-01	2.723e-06	-3.503e+02	3.448e+01	9.199e-01	1.874e+01
4.534e-01	2.735e-06	-3.533e+02	3.491e+01	9.275e-01	1.882e+01
4.515e-01	2.746e-06	-3.564e+02	3.535e+01	9.352e-01	1.890e+01
4.496e-01	2.758e-06	-3.594e+02	3.580e+01	9.430e-01	1.898e+01
4.476e-01	2.770e-06	-3.626e+02	3.626e+01	9.509e-01	1.906e+01
4.457e-01	2.782e-06	-3.657e+02	3.672e+01	9.589e-01	1.915e+01
4.438e-01	2.794e-06	-3.689e+02	3.719e+01	9.670e-01	1.923e+01
4.419e-01	2.806e-06	-3.721e+02	3.767e+01	9.752e-01	1.932e+01
4.400e-01	2.818e-06	-3.754e+02	3.816e+01	9.835e-01	1.940e+01
4.381e-01	2.830e-06	-3.787e+02	3.866e+01	9.919e-01	1.949e+01
4.362e-01	2.843e-06	-3.821e+02	3.916e+01	1.000e+00	1.957e+01
4.343e-01	2.855e-06	-3.855e+02	3.968e+01	1.009e+00	1.966e+01
4.323e-01	2.868e-06	-3.889e+02	4.020e+01	1.018e+00	1.975e+01
4.304e-01	2.881e-06	-3.924e+02	4.073e+01	1.027e+00	1.984e+01
4.285e-01	2.893e-06	-3.959e+02	4.127e+01	1.036e+00	1.993e+01
4.266e-01	2.906e-06	-3.995e+02	4.182e+01	1.045e+00	2.002e+01
4.247e-01	2.919e-06	-4.032e+02	4.239e+01	1.054e+00	2.011e+01
4.228e-01	2.933e-06	-4.068e+02	4.296e+01	1.063e+00	2.020e+01
4.209e-01	2.946e-06	-4.106e+02	4.354e+01	1.073e+00	2.029e+01
4.189e-01	2.959e-06	-4.144e+02	4.413e+01	1.082e+00	2.038e+01
4.170e-01	2.973e-06	-4.182e+02	4.473e+01	1.092e+00	2.048e+01
4.151e-01	2.987e-06	-4.221e+02	4.535e+01	1.102e+00	2.057e+01
4.132e-01	3.001e-06	-4.260e+02	4.597e+01	1.112e+00	2.067e+01
4.113e-01	3.015e-06	-4.300e+02	4.661e+01	1.122e+00	2.077e+01
4.094e-01	3.029e-06	-4.340e+02	4.726e+01	1.132e+00	2.086e+01
4.075e-01	3.043e-06	-4.381e+02	4.792e+01	1.143e+00	2.096e+01
4.056e-01	3.057e-06	-4.423e+02	4.859e+01	1.153e+00	2.106e+01
4.036e-01	3.072e-06	-4.465e+02	4.928e+01	1.164e+00	2.116e+01
4.017e-01	3.086e-06	-4.508e+02	4.997e+01	1.175e+00	2.126e+01
3.998e-01	3.101e-06	-4.551e+02	5.069e+01	1.186e+00	2.137e+01
3.979e-01	3.116e-06	-4.595e+02	5.141e+01	1.197e+00	2.147e+01
3.960e-01	3.131e-06	-4.640e+02	5.215e+01	1.209e+00	2.157e+01
3.941e-01	3.146e-06	-4.685e+02	5.290e+01	1.220e+00	2.168e+01
3.922e-01	3.162e-06	-4.731e+02	5.367e+01	1.232e+00	2.179e+01
3.903e-01	3.177e-06	-4.778e+02	5.445e+01	1.244e+00	2.189e+01
3.883e-01	3.193e-06	-4.825e+02	5.525e+01	1.256e+00	2.200e+01
3.864e-01	3.209e-06	-4.873e+02	5.606e+01	1.268e+00	2.211e+01
3.845e-01	3.224e-06	-4.921e+02	5.689e+01	1.280e+00	2.222e+01
3.826e-01	3.241e-06	-4.971e+02	5.774e+01	1.293e+00	2.233e+01
3.807e-01	3.257e-06	-5.021e+02	5.860e+01	1.305e+00	2.245e+01
3.788e-01	3.273e-06	-5.072e+02	5.948e+01	1.318e+00	2.256e+01
3.769e-01	3.290e-06	-5.123e+02	6.038e+01	1.331e+00	2.267e+01
3.749e-01	3.307e-06	-5.175e+02	6.129e+01	1.345e+00	2.279e+01
3.730e-01	3.324e-06	-5.229e+02	6.222e+01	1.358e+00	2.291e+01
3.711e-01	3.341e-06	-5.283e+02	6.318e+01	1.372e+00	2.302e+01
3.692e-01	3.358e-06	-5.337e+02	6.415e+01	1.386e+00	2.314e+01
3.673e-01	3.376e-06	-5.393e+02	6.514e+01	1.400e+00	2.326e+01
3.654e-01	3.393e-06	-5.449e+02	6.615e+01	1.414e+00	2.339e+01
3.635e-01	3.411e-06	-5.507e+02	6.719e+01	1.429e+00	2.351e+01
3.616e-01	3.429e-06	-5.565e+02	6.824e+01	1.444e+00	2.363e+01
3.596e-01	3.447e-06	-5.624e+02	6.932e+01	1.459e+00	2.376e+01
3.577e-01	3.466e-06	-5.684e+02	7.042e+01	1.474e+00	2.389e+01
3.558e-01	3.485e-06	-5.745e+02	7.154e+01	1.490e+00	2.401e+01
3.539e-01	3.503e-06	-5.807e+02	7.269e+01	1.505e+00	2.414e+01
3.520e-01	3.522e-06	-5.870e+02	7.386e+01	1.521e+00	2.428e+01
3.501e-01	3.542e-06	-5.934e+02	7.506e+01	1.538e+00	2.441e+01
3.482e-01	3.561e-06	-5.999e+02	7.628e+01	1.554e+00	2.454e+01
3.463e-01	3.581e-06	-6.065e+02	7.753e+01	1.571e+00	2.468e+01
3.443e-01	3.601e-06	-6.132e+02	7.881e+01	1.588e+00	2.481e+01
3.424e-01	3.621e-06	-6.200e+02	8.011e+01	1.605e+00	2.495e+01
3.405e-01	3.641e-06	-6.269e+02	8.145e+01	1.623e+00	2.509e+01
3.386e-01	3.662e-06	-6.340e+02	8.281e+01	1.641e+00	2.523e+01
3.367e-01	3.683e-06	-6.412e+02	8.420e+01	1.659e+00	2.538e+01
3.348e-01	3.704e-06	-6.484e+02	8.563e+01	1.678e+00	2.552e+01
3.329e-01	3.725e-06	-6.558e+02	8.708e+01	1.697e+00	2.567e+01
3.310e-01	3.746e-06	-6.634e+02	8.858e+01	1.716e+00	2.581e+01
3.290e-01	3.768e-06	-6.710e+02	9.010e+01	1.735e+00	2.596e+01
3.271e-01	3.790e-06	-6.788e+02	9.166e+01	1.755e+00	2.611e+01
3.252e-01	3.812e-06	-6.867e+02	9.325e+01	1.775e+00	2.627e+01
3.233e-01	3.835e-06	-6.948e+02	9.489e+01	1.796e+00	2.642e+01
3.214e-01	3.858e-06	-7.030e+02	9.656e+01	1.817e+00	2.658e+01
3.195e-01	3.881e-06	-7.113e+02	9.827e+01	1.838e+00	2.673e+01
3.176e-01	3.904e-06	-7.198e+02	1.000e+02	1.859e+00	2.689e+01
3.156e-01	3.928e-06	-7.285e+02	1.018e+02	1.881e+00	2.706e+01
3.137e-01	3.952e-06	-7.373e+02	1.036e+02	1.904e+00	2.722e+01
3.118e-01	3.976e-06	-7.462e+02	1.055e+02	1.927e+00	2.738e+01
3.099e-01	4.001e-06	-7.553e+02	1.074e+02	1.950e+00	2.755e+01
3.080e-01	4.026e-06	-7.646e+02	1.094e+02	1.974e+00	2.772e+01
3.061e-01	4.051e-06	-7.741e+02	1.114e+02	1.998e+00	2.789e+01
3.042e-01	4.076e-06	-7.837e+02	1.135e+02	2.022e+00	2.807e+01
3.023e-01	4.102e-06	-7.935e+02	1.156e+02	2.047e+00	2.824e+01
3.003e-01	4.128e-06	-8.034e+02	1.178e+02	2.072e+00	2.842e+01
2.984e-01	4.155e-06	-8.136e+02	1.200e+02	2.098e+00	2.860e+01
2.965e-01	4.181e-06	-8.240e+02	1.223e+02	2.125e+00	2.878e+01
2.946e-01	4.209e-06	-8.345e+02	1.247e+02	2.152e+00	2.897e+01
2.927e-01	4.236e-06	-8.452e+02	1.271e+02	2.179e+00	2.915e+01
2.908e-01	4.264e-06	-8.562e+02	1.295e+02	2.207e+00	2.934e+01
2.889e-01	4.292e-06	-8.674e+02	1.320e+02	2.235e+00	2.954e+01
2.869e-01	4.321e-06	-8.787e+02	1.346e+02	2.264e+00	2.973e+01
2.850e-01	4.350e-06	-8.903e+02	1.373e+02	2.294e+00	2.993e+01
2.831e-01	4.379e-06	-9.022e+02	1.400e+02	2.324e+00	3.013e+01
2.812e-01	4.409e-06	-9.142e+02	1.428e+02	2.355e+00	3.033e+01
2.793e-01	4.439e-06	-9.265e+02	1.457e+02	2.386e+00	3.053e+01
2.774e-01	4.470e-06	-9.391e+02	1.487e+02	2.418e+00	3.074e+01
2.755e-01	4.501e-06	-9.519e+02	1.517e+02	2.451e+00	3.095e+01
2.736e-01	4.532e-06	-9.649e+02	1.548e+02	2.484e+00	3.116e+01
2.716e-01	4.564e-06	-9.782e+02	1.580e+02	2.518e+00	3.138e+01
2.697e-01	4.597e-06	-9.918e+02	1.613e+02	2.553e+00	3.160e+01
2.678e-01	4.629e-06	-1.006e+03	1.647e+02	2.588e+00	3.182e+01
2.659e-01	4.663e-06	-1.020e+03	1.682e+02	2.624e+00	3.204e+01
2.640e-01	4.697e-06	-1.034e+03	1.717e+02	2.661e+00	3.227e+01
2.621e-01	4.731e-06	-1.049e+03	1.754e+02	2.699e+00	3.250e+01
2.602e-01	4.766e-06	-1.064e+03	1.792e+02	2.737e+00	3.274e+01
2.583e-01	4.801e-06	-1.079e+03	1.831e+02	2.776e+00	3.297e+01
2.563e-01	4.837e-06	-1.095e+03	1.871e+02	2.817e+00	3.321e+01
2.544e-01	4.873e-06	-1.111e+03	1.912e+02	2.858e+00	3.346e+01
2.525e-01	4.910e-06	-1.128e+03	1.955e+02	2.899e+00	3.371e+01
2.506e-01	4.947e-06	-1.144e+03	1.998e+02	2.942e+00	3.396e+01
2.487e-01	4.986e-06	-1.162e+03	2.043e+02	2.986e+00	3.421e+01
2.468e-01	5.024e-06	-1.179e+03	2.089e+02	3.031e+00	3.447e+01
2.449e-01	5.063e-06	-1.197e+03	2.137e+02	3.077e+00	3.473e+01
2.429e-01	5.103e-06	-1.215e+03	2.186e+02	3.123e+00	3.500e+01
2.410e-01	5.144e-06	-1.234e+03	2.237e+02	3.171e+00	3.527e+01
2.391e-01	5.185e-06	-1.253e+03	2.289e+02	3.220e+00	3.555e+01
2.372e-01	5.227e-06	-1.273e+03	2.343e+02	3.270e+00	3.582e+01
2.353e-01	5.269e-06	-1.293e+03	2.399e+02	3.321e+00	3.611e+01
2.334e-01	5.312e-06	-1.313e+03	2.456e+02	3.374e+00	3.640e+01
2.315e-01	5.356e-06	-1.334e+03	2.515e+02	3.427e+00	3.669e+01
2.296e-01	5.401e-06	-1.356e+03	2.576e+02	3.482e+00	3.698e+01
2.276e-01	5.446e-06	-1.378e+03	2.639e+02	3.539e+00	3.729e+01
2.257e-01	5.493e-06	-1.400e+03	2.704e+02	3.596e+00	3.759e+01
2.238e-01	5.539e-06	-1.423e+03	2.771e+02	3.655e+00	3.790e+01
2.219e-01	5.587e-06	-1.447e+03	2.840e+02	3.716e+00	3.822e+01
2.200e-01	5.636e-06	-1.471e+03	2.912e+02	3.778e+00	3.854e+01
2.181e-01	5.685e-06	-1.496e+03	2.986e+02	3.841e+00	3.887e+01
2.162e-01	5.736e-06	-1.521e+03	3.063e+02	3.906e+00	3.920e+01
2.143e-01	5.787e-06	-1.548e+03	3.142e+02	3.973e+00	3.954e+01
2.123e-01	5.839e-06	-1.574e+03	3.224e+02	4.042e+00	3.988e+01
2.104e-01	5.892e-06	-1.602e+03	3.309e+02	4.112e+00	4.023e+01
2.085e-01	5.946e-06	-1.630e+03	3.396e+02	4.184e+00	4.059e+01
2.066e-01	6.001e-06	-1.659e+03	3.487e+02	4.258e+00	4.095e+01
2.047e-01	6.057e-06	-1.688e+03	3.581e+02	4.334e+00	4.132e+01
2.028e-01	6.114e-06	-1.719e+03	3.678e+02	4.412e+00	4.169e+01
2.009e-01	6.173e-06	-1.750e+03	3.779e+02	4.492e+00	4.207e+01
1.990e-01	6.232e-06	-1.782e+03	3.884e+02	4.574e+00	4.246e+01
1.970e-01	6.292e-06	-1.815e+03	3.992e+02	4.658e+00	4.285e+01
1.951e-01	6.354e-06	-1.849e+03	4.105e+02	4.745e+00	4.326e+01
1.932e-01	6.417e-06	-1.883e+03	4.222e+02	4.834e+00	4.367e+01
1.913e-01	6.481e-06	-1.919e+03	4.343e+02	4.926e+00	4.408e+01
1.894e-01	6.547e-06	-1.956e+03	4.468e+02	5.020e+00	4.451e+01
1.875e-01	6.613e-06	-1.993e+03	4.599e+02	5.117e+00	4.494e+01
1.856e-01	6.682e-06	-2.032e+03	4.735e+02	5.216e+00	4.538e+01
1.836e-01	6.751e-06	-2.072e+03	4.875e+02	5.319e+00	4.583e+01
1.817e-01	6.822e-06	-2.113e+03	5.022e+02	5.424e+00	4.629e+01
1.798e-01	6.895e-06	-2.156e+03	5.174e+02	5.533e+00	4.676e+01
1.779e-01	6.969e-06	-2.199e+03	5.333e+02	5.645e+00	4.723e+01
1.760e-01	7.045e-06	-2.244e+03	5.497e+02	5.760e+00	4.772e+01
1.741e-01	7.122e-06	-2.290e+03	5.669e+02	5.879e+00	4.821e+01
1.722e-01	7.201e-06	-2.338e+03	5.848e+02	6.001e+00	4.872e+01
1.703e-01	7.282e-06	-2.387e+03	6.034e+02	6.127e+00	4.924e+01
1.683e-01	7.365e-06	-2.437e+03	6.228e+02	6.258e+00	4.976e+01
1.664e-01	7.450e-06	-2.489e+03	6.430e+02	6.392e+00	5.030e+01
1.645e-01	7.536e-06	-2.543e+03	6.641e+02	6.530e+00	5.085e+01
1.626e-01	7.625e-06	-2.599e+03	6.861e+02	6.673e+00	5.141e+01
1.607e-01	7.716e-06	-2.656e+03	7.091e+02	6.820e+00	5.198e+01
1.588e-01	7.809e-06	-2.715e+03	7.331e+02	6.973e+00	5.257e+01
1.569e-01	7.904e-06	-2.776e+03	7.582e+02	7.130e+00	5.317e+01
1.550e-01	8.001e-06	-2.839e+03	7.844e+02	7.293e+00	5.378e+01
1.530e-01	8.101e-06	-2.904e+03	8.118e+02	7.461e+00	5.440e+01
1.511e-01	8.204e-06	-2.972e+03	8.405e+02	7.634e+00	5.504e+01
1.492e-01	8.309e-06	-3.041e+03	8.705e+02	7.814e+00	5.570e+01
1.473e-01	8.417e-06	-3.113e+03	9.019e+02	8.000e+00	5.637e+01
1.454e-01	8.528e-06	-3.188e+03	9.348e+02	8.193e+00	5.705e+01
1.435e-01	8.642e-06	-3.265e+03	9.693e+02	8.392e+00	5.775e+01
1.416e-01	8.758e-06	-3.345e+03	1.005e+03	8.598e+00	5.847e+01
1.396e-01	8.878e-06	-3.427e+03	1.043e+03	8.812e+00	5.920e+01
1.377e-01	9.002e-06	-3.513e+03	1.083e+03	9.034e+00	5.996e+01
1.358e-01	9.128e-06	-3.602e+03	1.125e+03	9.263e+00	6.073e+01
1.339e-01	9.259e-06	-3.694e+03	1.169e+03	9.502e+00	6.152e+01
1.320e-01	9.393e-06	-3.790e+03	1.215e+03	9.749e+00	6.233e+01
1.301e-01	9.531e-06	-3.889e+03	1.264e+03	1.001e+01	6.316e+01
1.282e-01	9.673e-06	-3.992e+03	1.315e+03	1.027e+01	6.401e+01
1.263e-01	9.820e-06	-4.099e+03	1.369e+03	1.055e+01	6.489e+01
1.243e-01	9.971e-06	-4.210e+03	1.426e+03	1.084e+01	6.578e+01
1.224e-01	1.013e-05	-4.326e+03	1.486e+03	1.114e+01	6.671e+01
1.205e-01	1.029e-05	-4.446e+03	1.549e+03	1.145e+01	6.765e+01
1.186e-01	1.045e-05	-4.571e+03	1.616e+03	1.177e+01	6.863e+01
1.167e-01	1.063e-05	-4.701e+03	1.686e+03	1.211e+01	6.963e+01
1.148e-01	1.080e-05	-4.837e+03	1.761e+03	1.246e+01	7.065e+01
1.129e-01	1.099e-05	-4.978e+03	1.840e+03	1.283e+01	7.171e+01
1.110e-01	1.117e-05	-5.125e+03	1.923e+03	1.321e+01	7.280e+01
1.090e-01	1.137e-05	-5.278e+03	2.012e+03	1.361e+01	7.391e+01
1.071e-01	1.157e-05	-5.438e+03	2.105e+03	1.402e+01	7.507e+01
1.052e-01	1.178e-05	-5.605e+03	2.205e+03	1.446e+01	7.625e+01
1.033e-01	1.200e-05	-5.780e+03	2.310e+03	1.491e+01	7.747e+01
1.014e-01	1.223e-05	-5.962e+03	2.423e+03	1.538e+01	7.873e+01
9.947e-02	1.246e-05	-6.153e+03	2.542e+03	1.588e+01	8.003e+01
9.756e-02	1.271e-05	-6.353e+03	2.669e+03	1.640e+01	8.137e+01
9.565e-02	1.296e-05	-6.562e+03	2.804e+03	1.694e+01	8.276e+01
9.374e-02	1.323e-05	-6.781e+03	2.948e+03	1.751e+01	8.418e+01
9.183e-02	1.350e-05	-7.010e+03	3.101e+03	1.810e+01	8.566e+01
8.991e-02	1.379e-05	-7.251e+03	3.265e+03	1.872e+01	8.718e+01
8.800e-02	1.409e-05	-7.503e+03	3.440e+03	1.938e+01	8.876e+01
8.608e-02	1.440e-05	-7.768e+03	3.627e+03	2.006e+01	9.039e+01
8.417e-02	1.473e-05	-8.047e+03	3.827e+03	2.078e+01	9.208e+01
8.226e-02	1.507e-05	-8.340e+03	4.042e+03	2.154e+01	9.383e+01
8.035e-02	1.543e-05	-8.649e+03	4.272e+03	2.233e+01	9.564e+01
7.843e-02	1.581e-05	-8.974e+03	4.518e+03	2.317e+01	9.752e+01
7.652e-02	1.620e-05	-9.316e+03	4.783e+03	2.404e+01	9.947e+01
7.461e-02	1.662e-05	-9.678e+03	5.068e+03	2.497e+01	1.015e+02
7.269e-02	1.706e-05	-1.006e+04	5.375e+03	2.594e+01	1.036e+02
7.078e-02	1.752e-05	-1.046e+04	5.705e+03	2.697e+01	1.058e+02
6.887e-02	1.800e-05	-1.089e+04	6.062e+03	2.805e+01	1.081e+02
6.696e-02	1.852e-05	-1.135e+04	6.447e+03	2.919e+01	1.104e+02
6.504e-02	1.906e-05	-1.183e+04	6.863e+03	3.039e+01	1.129e+02
6.313e-02	1.964e-05	-1.234e+04	7.313e+03	3.166e+01	1.155e+02
6.121e-02	2.025e-05	-1.289e+04	7.801e+03	3.300e+01	1.182e+02
5.930e-02	2.091e-05	-1.347e+04	8.330e+03	3.441e+01	1.210e+02
5.739e-02	2.160e-05	-1.409e+04	8.905e+03	3.591e+01	1.240e+02
5.548e-02	2.235e-05	-1.476e+04	9.531e+03	3.749e+01	1.271e+02
5.356e-02	2.315e-05	-1.547e+04	1.021e+04	3.916e+01	1.304e+02
5.165e-02	2.400e-05	-1.624e+04	1.096e+04	4.092e+01	1.339e+02
4.974e-02	2.493e-05	-1.707e+04	1.177e+04	4.279e+01	1.375e+02
					
					
					
					
					
					
					
					
					
					
					
